626378801286693121715637625824977685 144.994
616378801285683122705737635725977684 141
616279801185673023705736735723997683 112
726378891283683123795735645724977784 111
736178881285673124705738635725987583 109
636377811287683121715637625824977784 105
616378801184673122705837635724987683 105
616278811183663022715737635724987684 99
736079871284663123795537625724977584 99
726277891284683123795735635824987684 95
636277881284673122785637625623977584 93
616478801285683223705737635726987683 91
736277891284683123705736645824977585 89
616279901184773021795837635625977684 86
716378891184683024794736655724977684 85
616377801295683121705737625735977694 83
625478801285693122705737635735977584 82
626478811286693122725638625924977786 82
626268701286604121715637625824987685 81
736479801286693122715637625825977686 81
626378801286693122715637625824977784 80
626478801384673223705637635725977684 79
616377811285673122705736635725977684 78
726178891284683122705537635624987484 78
736187881284773124795637635825987484 77
616277891184673922705837635824987583 76
716376881285693013795746645925967585 76
736079881184673123785648735725977685 75
616268801385693122705736635725977684 74
736279891285683123785537635723977484 73
726177891284573122794537625824977584 73
626378811287693121705537635924977686 71
626478710287683021715736635825977684 70.8236
726277881284683023794736655724977684 70
716277891285673123795736635724988784 69
606278811183663022715837635723987684 67
726287881283683024705736645924977684 65
626278891084673021705837625724977783 64
736277891284683924795746645824077684 63
912696658937163703891608052322778615 62
616278811184663922715837635724977682 62
736078891284663123795637635824967583 61
716378891184673023795837635624987683 61
616277911183763022715837635723987683 58
616379802186683021715637635924987685 54
741830864376565504272702753619362736 52
556171114199131687320414219901655530 51
948744047673196622634051966621780564 48
285183158388295639822294126521098262 34
617378801385683022705836635824977694 32
